"X1" "X2" "X3" "yc"
"1" 0.18 9.27 5.33 40.2847207128885
"2" 0.18 9.27 5.33 27.7003098716246
"3" 0.18 9.27 5.33 36.5713042532362
"4" 0.18 9.27 5.33 29.1954779936341
"5" 0.18 9.27 5.33 43.1783285808291
"6" 0.18 9.27 5.33 41.6052690332664
"7" 0.18 9.27 5.33 36.6299967323821
"8" 0.18 9.27 5.33 41.8435815641844
"9" 0.23 3.31 13.43 28.5329018338727
"10" 0.23 3.31 13.43 18.1561515908351
"11" 0.23 3.31 13.43 26.8209741114524
"12" 0.23 3.31 13.43 23.9344973430214
"13" 0.23 3.31 13.43 21.6715574394088
"14" 0.23 3.31 13.43 23.5372193341445
"15" 0.23 3.31 13.43 20.4649141864002
"16" 0.23 3.31 13.43 22.5114354171205
"17" 0.28 12.02 9.83 26.8745279965476
"18" 0.28 12.02 9.83 25.1202749140894
"19" 0.28 12.02 9.83 18.6471663619744
"20" 0.28 12.02 9.83 18.9980481457384
"21" 0.28 12.02 9.83 27.8857639265936
"22" 0.28 12.02 9.83 22.0210664911126
"23" 0.28 12.02 9.83 16.6249864086115
"24" 0.28 12.02 9.83 26.8479091603887
"25" 0.34 6.52 3.08 62.5514403292181
"26" 0.34 6.52 3.08 57.8187737384699
"27" 0.34 6.52 3.08 52.0387082744373
"28" 0.34 6.52 3.08 55.3067185978578
"29" 0.34 6.52 3.08 55.0526430044502
"30" 0.34 6.52 3.08 57.8745759001861
"31" 0.34 6.52 3.08 55.7159917489958
"32" 0.34 6.52 3.08 56.2184790957972
"33" 0.4 13.85 7.13 29.1869654649778
"34" 0.4 13.85 7.13 22.0062968190207
"35" 0.4 13.85 7.13 18.9814312086003
"36" 0.4 13.85 7.13 17.0562770562771
"37" 0.4 13.85 7.13 27.5324104592397
"38" 0.4 13.85 7.13 21.9812878370941
"39" 0.4 13.85 7.13 14.0851202786546
"40" 0.4 13.85 7.13 14.7476512999782
"41" 0.45 4.23 8.48 28.498256320837
"42" 0.45 4.23 8.48 22.4094539884014
"43" 0.45 4.23 8.48 20.0594190140845
"44" 0.45 4.23 8.48 13.3340673860383
"45" 0.45 4.23 8.48 24.737532808399
"46" 0.45 4.23 8.48 24.4694960212202
"47" 0.45 4.23 8.48 18.6302576524995
"48" 0.45 4.23 8.48 23.8570794496227
"49" 0.51 10.19 9.83 12.4103455770485
"50" 0.51 10.19 9.83 12.3063302346171
"51" 0.51 10.19 9.83 12.8902425758729
"52" 0.51 10.19 9.83 13.2147953023817
"53" 0.51 10.19 9.83 14.5645974994516
"54" 0.51 10.19 9.83 13.652601027015
"55" 0.51 10.19 9.83 11.6327197473042
"56" 0.51 10.19 9.83 16.2578374216258
"57" 0.56 1.94 3.98 43.6030204962244
"58" 0.56 1.94 3.98 41.0359430991421
"59" 0.56 1.94 3.98 42.9245283018868
"60" 0.56 1.94 3.98 31.5800889274482
"61" 0.56 1.94 3.98 42.2236713400717
"62" 0.56 1.94 3.98 35.6929543192125
"63" 0.56 1.94 3.98 37.2800347599392
"64" 0.56 1.94 3.98 36.854715748203
"65" 0.62 7.9 10.73 18.427014780451
"66" 0.62 7.9 10.73 19.2096219931271
"67" 0.62 7.9 10.73 13.0336595332832
"68" 0.62 7.9 10.73 14.3569724571676
"69" 0.62 7.9 10.73 15.8540558149636
"70" 0.62 7.9 10.73 15.5804257186746
"71" 0.62 7.9 10.73 12.9063825160378
"72" 0.62 7.9 10.73 18.2006769297958
"73" 0.67 12.48 2.18 43.3398310591293
"74" 0.67 12.48 2.18 41.0309278350515
"75" 0.67 12.48 2.18 54.0828531042731
"76" 0.67 12.48 2.18 39.6083522665801
"77" 0.67 12.48 2.18 37.0888961250407
"78" 0.67 12.48 2.18 44.2814928313451
"79" 0.67 12.48 2.18 30.626424926718
"80" 0.67 12.48 2.18 39.5808186107758
"81" 0.73 6.98 11.63 17.343293277038
"82" 0.73 6.98 11.63 15.3294973401368
"83" 0.73 6.98 11.63 12.5312194592247
"84" 0.73 6.98 11.63 10.4220779220779
"85" 0.73 6.98 11.63 15.062623599209
"86" 0.73 6.98 11.63 15.2118877270226
"87" 0.73 6.98 11.63 11.7013170784805
"88" 0.73 6.98 11.63 12.4317238365742
"89" 0.78 5.6 7.58 16.4341761115955
"90" 0.78 5.6 7.58 14.8375095743517
"91" 0.78 5.6 7.58 13.8754401408451
"92" 0.78 5.6 7.58 12.6073552081039
"93" 0.78 5.6 7.58 15.255905511811
"94" 0.78 5.6 7.58 14.4893899204244
"95" 0.78 5.6 7.58 16.2409160977758
"96" 0.78 5.6 7.58 16.3892587660897
"97" 0.84 14.77 12.53 10.1717018039557
"98" 0.84 14.77 12.53 9.16334661354582
"99" 0.84 14.77 12.53 8.04960295877298
"100" 0.84 14.77 12.53 6.70617934365053
"101" 0.84 14.77 12.53 8.81772318490898
"102" 0.84 14.77 12.53 8.68497432462603
"103" 0.84 14.77 12.53 9.39984751116436
"104" 0.84 14.77 12.53 10.5928940710593
"105" 0.89 2.85 6.23 22.3732470334412
"106" 0.89 2.85 6.23 17.2440004343577
"107" 0.89 2.85 6.23 14.5458534444932
"108" 0.89 2.85 6.23 11.3870512959549
"109" 0.89 2.85 6.23 16.9872839908706
"110" 0.89 2.85 6.23 15.3080411458909
"111" 0.89 2.85 6.23 15.891809689333
"112" 0.89 2.85 6.23 17.7085602265302
"113" 0.95 10.65 4.23 21.4046822742475
"114" 0.95 10.65 4.23 21.282932416953
"115" 0.95 10.65 4.23 20.346273792881
"116" 0.95 10.65 4.23 15.7015831706788
"117" 0.95 10.65 4.23 23.4335975675969
"118" 0.95 10.65 4.23 23.1073074391047
"119" 0.95 10.65 4.23 20.9089920626291
"120" 0.95 10.65 4.23 19.3470902937002
"121" 1 4.68 14.78 13.8834741173922
"122" 1 4.68 14.78 12.1649484536082
"123" 1 4.68 14.78 11.9386756551049
"124" 1 4.68 14.78 9.43416639619171
"125" 1 4.68 14.78 10.5828720286552
"126" 1 4.68 14.78 11.7653496771369
"127" 1 4.68 14.78 9.54293779177072
"128" 1 4.68 14.78 11.4671348622847
"129" 1.06 13.4 8.93 11.3565010284724
"130" 1.06 13.4 8.93 7.6756052545869
"131" 1.06 13.4 8.93 10.2942773373873
"132" 1.06 13.4 8.93 6.37445887445887
"133" 1.06 13.4 8.93 10.9756097560976
"134" 1.06 13.4 8.93 14.6505228398459
"135" 1.06 13.4 8.93 8.66441711113529
"136" 1.06 13.4 8.93 13.0107057024252
"137" 1.11 8.35 1.73 39.8757628596338
"138" 1.11 8.35 1.73 40.0372031950979
"139" 1.11 8.35 1.73 38.2592429577465
"140" 1.11 8.35 1.73 28.7822065624312
"141" 1.11 8.35 1.73 27.8543307086614
"142" 1.11 8.35 1.73 30.2387267904509
"143" 1.11 8.35 1.73 25.1706672539088
"144" 1.11 8.35 1.73 28.8504216600089
"145" 1.17 1.48 9.38 9.7152792871115
"146" 1.17 1.48 9.38 12.5498007968128
"147" 1.17 1.48 9.38 8.70227346894376
"148" 1.17 1.48 9.38 9.58182416858743
"149" 1.17 1.48 9.38 10.2544417635446
"150" 1.17 1.48 9.38 10.5157401205626
"151" 1.17 1.48 9.38 9.23646661583706
"152" 1.17 1.48 9.38 10.9338906610934
"153" 1.22 11.1 11.18 10.7982740021575
"154" 1.22 11.1 11.18 8.75230752524704
"155" 1.22 11.1 11.18 9.12681000438788
"156" 1.22 11.1 11.18 8.5890901203774
"157" 1.22 11.1 11.18 9.65112487773068
"158" 1.22 11.1 11.18 9.08085388784426
"159" 1.22 11.1 11.18 9.36345861394743
"160" 1.22 11.1 11.18 7.54737529949903
"161" 1.28 5.15 4.88 18.7398856403064
"162" 1.28 5.15 4.88 18.3848797250859
"163" 1.28 5.15 4.88 14.5929669856974
"164" 1.28 5.15 4.88 13.5653871177619
"165" 1.28 5.15 4.88 15.9626452383538
"166" 1.28 5.15 4.88 17.5554092604784
"167" 1.28 5.15 4.88 15.2875937805806
"168" 1.28 5.15 4.88 17.796702696801
"169" 1.33 8.81 12.97 8.98852068442711
"170" 1.33 8.81 12.97 10.4177970699946
"171" 1.33 8.81 12.97 8.51364575405023
"172" 1.33 8.81 12.97 8.97976847343936
"173" 1.33 8.81 12.97 9.38890697926843
"174" 1.33 8.81 12.97 9.57644741162307
"175" 1.33 8.81 12.97 8.58755835414178
"176" 1.33 8.81 12.97 8.02150773620103
"177" 1.39 14.31 3.53 16.4880372415286
"178" 1.39 14.31 3.53 18.2716317446531
"179" 1.39 14.31 3.53 8.91519166033228
"180" 1.39 14.31 3.53 13.4415584415584
"181" 1.39 14.31 3.53 16.8644254010108
"182" 1.39 14.31 3.53 15.0247660979637
"183" 1.39 14.31 3.53 5.94318058125612
"184" 1.39 14.31 3.53 17.0089578326415
"185" 1.44 7.44 6.68 9.75370531822145
"186" 1.44 7.44 6.68 12.7585074953496
"187" 1.44 7.44 6.68 9.55105633802818
"188" 1.44 7.44 6.68 9.1719885487778
"189" 1.44 7.44 6.68 9.01137357830271
"190" 1.44 7.44 6.68 12.290008841733
"191" 1.44 7.44 6.68 10.6584452763709
"192" 1.44 7.44 6.68 11.6622281402574
"193" 1.5 2.4 12.08 9.13931753966529
"194" 1.5 2.4 12.08 9.24081451969898
"195" 1.5 2.4 12.08 7.24464266289568
"196" 1.5 2.4 12.08 7.50740862693448
"197" 1.5 2.4 12.08 7.39197192366747
"198" 1.5 2.4 12.08 7.91471310560393
"199" 1.5 2.4 12.08 7.62444178194096
"200" 1.5 2.4 12.08 9.4819051809482
"201" 1.55 9.73 8.03 9.18015102481122
"202" 1.55 9.73 8.03 10.70691714627
"203" 1.55 9.73 8.03 8.76480912681
"204" 1.55 9.73 8.03 10.161587680295
"205" 1.55 9.73 8.03 8.41212911640039
"206" 1.55 9.73 8.03 9.3905541422409
"207" 1.55 9.73 8.03 8.68998479252661
"208" 1.55 9.73 8.03 10.9017643214986
"209" 1.61 12.94 13.88 8.08069910454202
"210" 1.61 12.94 13.88 5.67010309278351
"211" 1.61 12.94 13.88 5.59199913969244
"212" 1.61 12.94 13.88 7.56885708089352
"213" 1.61 12.94 13.88 7.75328483005755
"214" 1.61 12.94 13.88 7.57077024358131
"215" 1.61 12.94 13.88 6.73045558334239
"216" 1.61 12.94 13.88 9.02937001856097
"217" 1.66 3.77 2.63 18.0636777128005
"218" 1.66 3.77 2.63 20.1302224633749
"219" 1.66 3.77 2.63 20.3979558551702
"220" 1.66 3.77 2.63 23.8450719463378
"221" 1.66 3.77 2.63 19.0817323347444
"222" 1.66 3.77 2.63 21.8671336324833
"223" 1.66 3.77 2.63 25.5672565410922
"224" 1.66 3.77 2.63 20.904202787227
"225" 1.72 11.56 5.78 9.26707805564577
"226" 1.72 11.56 5.78 10.9868635327326
"227" 1.72 11.56 5.78 9.30611358453686
"228" 1.72 11.56 5.78 10.5519480519481
"229" 1.72 11.56 5.78 8.07514831905075
"230" 1.72 11.56 5.78 11.3593835993396
"231" 1.72 11.56 5.78 9.15423968651355
"232" 1.72 11.56 5.78 9.63513218265239
"233" 1.77 6.06 10.28 7.82476024411509
"234" 1.77 6.06 10.28 10.0010942116205
"235" 1.77 6.06 10.28 6.64612676056339
"236" 1.77 6.06 10.28 6.37524774278794
"237" 1.77 6.06 10.28 7.61154855643044
"238" 1.77 6.06 10.28 8.66489832007074
"239" 1.77 6.06 10.28 8.05989870072671
"240" 1.77 6.06 10.28 9.37638703950289
